573.12771
573.12772
573.12773
573.12777
573.12778
573.12779
573.12780
573.12781
573.12782
573.12783
573.12796
573.12858
573.12859
573.12860
573.12861
573.12862
573.12863
573.12865
573.12867
573.12868
573.12869
573.12870
573.12871
573.12872
573.12873
573.12874
573.12875
573.12876
573.12877
573.12878
573.12879
573.12880
573.12881
573.12882
573.12883
573.12885
573.12886
573.12887
573.12888
573.12889
573.12890
573.12891
573.12892
573.12893
573.12894
573.12897
573.12898
573.12900
573.12901
573.12902
573.12903
573.12904
573.12905
573.12906
573.12907
573.12908
573.12909
573.12910
573.12912
573.12913
573.12914
573.12915
573.12917
573.12918
573.12919
573.12920
573.12921
573.12922
573.12923
573.12925
573.12926
573.12927
573.12928
573.12930
573.12931
573.12932
573.12933
573.12934
573.12935
573.12936
573.12937
573.12938
573.12939
573.12940
573.12941
573.12943
573.12944
573.12946
573.12947
573.12948
573.12949
573.12950
573.12951
573.12952
573.12953
573.12954
573.12955
573.12956
573.12957
573.12958
573.12959
573.12960
573.12961
573.12962
573.12963
573.12965
573.12966
573.12967
573.12968
573.12969
573.12970
573.12971
573.12972
573.12973
573.12975
573.12976
573.12977
573.12978
573.12979
573.12980
573.12981
573.12982
573.12983
573.12984
573.12985
573.12986
573.12987
573.12988
573.12989
573.12990
573.12991
573.12992
573.12993
573.12994
573.12995
573.12996
573.12997
573.12998
573.12999
573.13000
573.13001
573.13002
573.13003
573.13004
573.13005
573.13006
573.13007
573.13008
573.13009
573.13010
573.13011
573.13013
573.13014
573.13015
573.13016
573.13017
573.13018
573.13019
573.13020
573.13021
573.13022
573.13023
573.13024
573.13025
573.13026
573.13027
573.13028
573.13029
573.13031
573.13033
573.13034
573.13035
573.13036
573.13037
573.13039
573.13040
573.13042
573.13043
573.13046
573.13047
573.13048
573.13049
573.13050
573.13051
573.13052
573.13053
573.13054
573.13055
573.13056
573.13059
573.13060
573.13061
573.13062
573.13063
573.13064
573.13065
573.13066
573.13067
573.13068
573.13069
573.13070
573.13071
573.13072
573.13073
573.13074
573.13075
573.13076
573.13079
573.13080
573.13081
573.13082
573.13083
573.13084
573.13085
573.13086
573.13087
573.13088
573.13089
573.13090
573.13091
573.13092
573.13093
573.13094
573.13095
573.13096
573.13097
573.13098
573.13099
573.13100
573.13101
573.13102
573.13103
573.13104
573.13105
573.13106
573.13107
573.13108
573.13109
573.13110
573.13111
573.13112
573.13113
573.13114
573.13115
573.13116
573.13117
573.13118
573.13119
573.13120
573.13121
573.13122
573.13123
573.13124
573.13125
573.13126
573.13127
573.13128
573.13129
573.13130
573.13131
573.13132
573.13134
573.13135
573.13136
573.13138
573.13139
573.13140
573.13142
573.13143
573.13144
573.13145
573.13146
573.13147
573.13148
573.13149
573.13150
573.13151
573.13152
573.13153
573.13156
573.13157
573.13158
573.13159
573.13160
573.13161
573.13162
573.13163
573.13164
573.13165
573.13166
573.13167
573.13168
573.13169
573.13170
573.13171
573.13172
573.13173
573.13174
573.13175
573.13176
573.13177
573.13178
573.13179
573.13180
573.13181
573.13182
573.13183
573.13185
573.13186
573.13187
573.13189
573.13190
573.13191
573.13192
573.13193
573.13194
573.13195
573.13196
573.13197
573.13198
573.13199
573.13200
573.13201
573.13202
573.13204
573.13209
573.13210
573.13211
573.13212
573.13213
573.13214
573.13215
573.13216
573.13218
573.13219
573.13220
573.13221
573.13222
573.13223
573.13224
573.13225
573.13226
573.13227
573.13228
573.13230
573.13231
573.13232
573.13233
573.13235
573.13236
573.13237
573.13238
573.13239
573.13240
573.13242
573.13244
573.13246
573.13247
573.13248
573.13249
573.13250
573.13251
573.13252
573.13253
573.13254
573.13255
573.13256
573.13257
573.13258
573.13259
573.13261
573.13262
573.13263
573.13264
573.13265
573.13266
573.13267
573.13268
573.13269
573.13270
573.13271
573.13272
573.13273
573.13274
573.13275
573.13276
573.13277
573.13278
573.13279
573.13280
573.13281
573.13282
573.13283
573.13284
573.13285
573.13286
573.13287
573.13288
573.13289
573.13290
573.13291
573.13292
573.13293
573.13294
573.13295
573.13298
573.13299
573.13300
573.13301
573.13302
573.13303
573.13304
573.13305
573.13306
573.13307
573.13308
573.13309
573.13310
573.13311
573.13312
573.13313
573.13314
573.13315
573.13316
573.13317
573.13318
573.13319
573.13322
573.13323
573.13324
573.13325
573.13326
573.13327
573.13328
573.13329
573.13330
573.13331
573.13333
573.13334
573.13335
573.13336
573.13338
573.13340
573.13341
573.13342
573.13343
573.13344
573.13345
573.13346
573.13347
573.13348
573.13349
573.13350
573.13351
573.13352
573.13353
573.13354
573.13355
573.13356
573.13357
573.13358
573.13360
573.13361
573.13362
573.13363
573.13364
573.13365
573.13366
573.13367
573.13368
573.13369
573.13370
573.13371
573.13372
573.13373
573.13374
573.13375
573.13376
573.13377
573.13378
573.13379
573.13380
573.13381
573.13382
573.13384
573.13385
573.13386
573.13387
573.13388
573.13389
573.13390
573.13391
573.13392
573.13393
573.13394
573.13395
573.13396
573.13397
573.13398
573.13399
573.13400
573.13402
573.13403
573.13404
573.13405
573.13406
573.13407
573.13411
573.13412
573.13413
573.13414
573.13415
573.13416
573.13417
573.13418
573.13419
573.13420
573.13422
573.13424
573.13425
573.13427
573.13428
573.13429
573.13430
573.13431
573.13432
573.13434
573.13435
573.13436
573.13437
573.13438
573.13440
573.13441
573.13444
573.13445
573.13446
573.13447
573.13448
573.13450
573.13451
573.13452
573.13453
573.13454
573.13455
573.13457
573.13458
573.13459
573.13460
573.13461
573.13462
573.13463
573.13464
573.13465
573.13467
573.13468
573.13469
573.13470
573.13471
573.13472
573.13473
573.13475
573.13477
573.13478
573.13479
573.13480
573.13481
573.13482
573.13483
573.13486
573.13487
573.13488
573.13489
573.13490
573.13491
573.13493
573.13494
573.13495
573.13496
573.13497
573.13498
573.13499
573.13500
573.13501
573.13502
573.13503
573.13504
573.13505
573.13506
573.13507
573.13509
573.13510
573.13512
573.13513
573.13514
573.13516
573.13517
573.13518
573.13519
573.13520
573.13521
573.13522
573.13523
573.13524
573.13525
573.13527
573.13528
573.13529
573.13530
573.13531
573.13532
573.13533
573.13534
573.13535
573.13537
573.13538
573.13539
573.13540
573.13541
573.13542
573.13543
573.13544
573.13545
573.13546
573.13547
573.13548
573.13550
573.13551
573.13552
573.13555
573.13556
573.13557
573.13558
573.13559
573.13560
573.13561
573.13562
573.13563
573.13564
573.13565
573.13568
573.13569
573.13571
573.13572
573.13573
573.13574
573.13575
573.13577
573.13578
573.13579
573.13580
573.13581
573.13582
573.13583
573.13584
573.13585
573.13586
573.13587
573.13588
573.13589
573.13590
573.13591
573.13593
573.13594
573.13595
573.13596
573.13597
573.13598
573.13599
573.13600
573.13601
573.13602
573.13603
573.13604
573.13606
573.13607
573.13609
573.13610
573.13611
573.13612
573.13613
573.13614
573.13615
573.13616
573.13617
573.13619
573.13620
573.13621
573.13622
573.13623
573.13624
573.13625
573.13626
573.13627
573.13628
573.13629
573.13630
573.13631
573.13632
573.13633
573.13634
573.13636
573.13637
573.13638
573.13639
573.13640
573.13641
573.13642
573.13643
573.13644
573.13645
573.13646
573.13647
573.13648
573.13649
573.13650
573.13651
573.13653
573.13654
573.13655
573.13656
573.13657
573.13659
573.13660
573.13661
573.13662
573.13665
573.13666
573.13667
573.13668
573.13669
573.13670
573.13671
573.13672
573.13673
573.13674
573.13675
573.13676
573.13677
573.13678
573.13679
573.13680
573.13681
573.13682
573.13683
573.13684
573.13685
573.13686
573.13687
573.13688
573.13689
573.13690
573.13691
573.13692
573.13694
573.13695
573.13696
573.13697
573.13698
573.13699
573.13700
573.13701
573.13702
573.13705
573.13706
573.13707
573.13708
573.13709
573.13710
573.13711
573.13712
573.13713
573.13714
573.13715
573.13716
573.13717
573.13718
573.13719
573.13720
573.13721
573.13722
573.13723
573.13724
573.13725
573.13726
573.13727
573.13728
573.13729
573.13730
573.13731
573.13732
573.13733
573.13734
573.13737
573.13738
573.13740
573.13741
573.13742
573.13743
573.13744
573.13745
573.13746
573.13747
573.13748
573.13749
573.13750
573.13751
573.13752
573.13753
573.13755
573.13756
573.13757
573.13758
573.13759
573.13760
573.13761
573.13762
573.13765
573.13766
573.13768
573.13769
573.13770
573.13771
573.13772
573.13773
573.13774
573.13775
573.13777
573.13778
573.13779
573.13780
573.13781
573.13782
573.13783
573.13784
573.13785
573.13786
573.13787
573.13788
573.13789
573.13790
573.13791
573.13792
573.13793
573.13794
573.13796
573.13797
573.13798
573.13799
573.13800
573.13801
573.13802
573.13803
573.13804
573.13805
573.13806
573.13807
573.13808
573.13809
573.13810
573.13811
573.13812
573.13813
573.13814
573.13815
573.13816
573.13817
573.13818
573.13819
573.13820
573.13821
573.13822
573.13823
573.13824
573.13825
573.13826
573.13827
573.13828
573.13829
573.13830
573.13831
573.13832
573.13833
573.13836
573.13838
573.13839
573.13840
573.13841
573.13842
573.13846
573.13847
573.13848
573.13849
573.13850
573.13851
573.13852
573.13854
573.13855
573.13856
573.13857
573.13858
573.13859
573.13860
573.13861
573.13862
573.13863
573.13864
573.13865
573.13866
573.13867
573.13868
573.13869
573.13870
573.13871
573.13872
573.13873
573.13874
573.13875
573.13876
573.13877
573.13878
573.13879
573.13880
573.13881
573.13882
573.13883
573.13884
573.13885
573.13886
573.13887
573.13888
573.13889
573.13890
573.13892
573.13893
573.13894
573.13895
573.13896
573.13897
573.13898
573.13899
573.13900
573.13901
573.13902
573.13903
573.13904
573.13905
573.13906
573.13907
573.13909
573.13910
573.13912
573.13913
573.13914
573.13915
573.13916
573.13917
573.13918
573.13919
573.13920
573.13921
573.13922
573.13923
573.13924
573.13925
573.13926
573.13927
573.13929
573.13930
573.13931
573.13932
573.13933
573.13934
573.13935
573.13936
573.13937
573.13938
573.13939
573.13940
573.13941
573.13942
573.13943
573.13944
573.13945
573.13946
573.13947
573.13948
573.13949
573.13950
573.13951
573.13952
573.13953
573.13954
573.13955
573.13956
573.13957
573.13958
573.13959
573.13960
573.13961
573.13963
573.13964
573.13965
573.13966
573.13968
573.13969
573.13970
573.13971
573.13972
573.13973
573.13974
573.13975
573.13976
573.13977
573.13978
573.13979
573.13981
573.13982
573.13983
573.13984
573.13985
573.13986
573.13987
573.13988
573.13989
573.13990
573.13991
573.13992
573.13993
573.13994
573.13995
573.13996
573.13997
573.13998
573.13999
573.14000
573.14001
573.14002
573.14003
573.14004
573.14005
573.14006
573.14007
573.14008
573.14009
573.14010
573.14011
573.14012
573.14014
573.14015
573.14016
573.14017
573.14018
573.14019
573.14020
573.14022
573.14023
573.14024
573.14026
573.14027
573.14028
573.14029
573.14030
573.14031
573.14032
573.14033
573.14034
573.14035
573.14036
573.14037
573.14038
573.14039
573.14040
573.14041
573.14042
573.14044
573.14045
573.14046
573.14047
573.14048
573.14049
573.14050
573.14051
573.14052
573.14053
573.14054
573.14055
573.14056
573.14057
573.14059
573.14060
573.14061
573.14062
573.14063
573.14065
573.14067
573.14068
573.14069
573.14072
573.14074
573.14075
573.14076
573.14077
573.14078
573.14079
573.14080
573.14081
573.14082
573.14083
573.14084
573.14085
573.14087
573.14088
573.14089
573.14090
573.14091
573.14092
573.14093
573.14094
573.14095
573.14096
573.14097
573.14098
573.14099
573.14100
573.14103
573.14105
573.14106
573.14107
573.14108
573.14109
573.14110
573.14111
573.14112
573.14113
573.14114
573.14115
573.14116
573.14118
573.14119
573.14120
573.14121
573.14122
573.14123
573.14124
573.14125
573.14126
573.14127
573.14128
573.14129
573.14130
573.14131
573.14132
573.14133
573.14134
573.14135
573.14137
573.14138
573.14139
573.14140
573.14142
573.14143
573.14144
573.14146
573.14147
573.14148
573.14149
573.14151
573.14152
573.14153
573.14154
573.14155
573.14156
573.14158
573.14160
573.14161
573.14162
573.14164
573.14165
573.14166
573.14167
573.14168
573.14169
573.14170
573.14172
573.14173
573.14174
573.14175
573.14176
573.14177
573.14179
573.14180
573.14181
573.14182
573.14183
573.14184
573.14185
573.14186
573.14187
573.14188
573.14189
573.14190
573.14191
573.14192
573.14193
573.14194
573.14195
573.14196
573.14197
573.14198
573.14199
573.14200
573.14201
573.14202
573.14203
573.14204
573.14205
573.14206
573.14207
573.14208
573.14209
573.14210
573.14211
573.14212
573.14213
573.14214
573.14215
573.14216
573.14217
573.14218
573.14219
573.14220
573.14221
573.14222
573.14223
573.14224
573.14225
573.14226
573.14227
573.14228
573.14229
573.14230
573.14231
573.14232
573.14233
573.14234
573.14235
573.14236
573.14237
573.14238
573.14239
573.14240
573.14241
573.14243
573.14244
573.14245
573.14246
573.14247
573.14248
573.14249
573.14250
573.14251
573.14252
573.14253
573.14254
573.14255
573.14256
573.14257
573.14258
573.14259
573.14260
573.14261
573.14262
573.14263
573.14264
573.14266
573.14267
573.14268
573.14269
573.14270
573.14271
573.14273
573.14274
573.14275
573.14276
573.14278
573.14279
573.14280
573.14281
573.14282
573.14283
573.14284
573.14285
573.14286
573.14287
573.14288
573.14289
573.14290
573.14291
573.14292
573.14293
573.14294
573.14295
573.14296
573.14297
573.14298
573.14299
573.14300
573.14301
573.14303
573.14304
573.14306
573.14307
573.14308
573.14309
573.14310
573.14311
573.14313
573.14314
573.14315
573.14316
573.14317
573.14319
573.14320
573.14321
573.14322
573.14323
573.14324
573.14325
573.14326
573.14327
573.14329
573.14330
573.14331
573.14332
573.14333
573.14334
573.14335
573.14337
573.14339
573.14340
573.14341
573.14342
573.14343
573.14344
573.14345
573.14346
573.14347
573.14348
573.14349
573.14350
573.14351
573.14352
573.14353
573.14354
573.14355
573.14356
573.14357
573.14358
573.14359
573.14360
573.14361
573.14362
573.14363
573.14364
573.14366
573.14367
573.14368
573.14369
573.14371
573.14372
573.14373
573.14374
573.14375
573.14376
573.14377
573.14378
573.14379
573.14380
573.14381
573.14382
573.14383
573.14384
573.14385
573.14386
573.14388
573.14389
573.14390
573.14391
573.14392
573.14393
573.14394
573.14395
573.14396
573.14398
573.14399
573.14400
573.14401
573.14402
573.14403
573.14404
573.14405
573.14406
573.14407
573.14408
573.14409
573.14410
573.14411
573.14412
573.14413
573.14415
573.14416
573.14417
573.14418
573.14419
573.14420
573.14421
573.14422
573.14423
573.14424
573.14425
573.14426
573.14427
573.14428
573.14429
573.14430
573.14431
573.14432
573.14433
573.14434
573.14436
573.14437
573.14438
573.14439
573.14440
573.14441
573.14442
573.14443
573.14444
573.14445
573.14446
573.14447
573.14448
573.14449
573.14450
573.14451
573.14452
573.14455
573.14456
573.14458
573.14459
573.14460
573.14461
573.14462
573.14463
573.14464
573.14465
573.14466
573.14467
573.14468
573.14469
573.14470
573.14471
573.14472
573.14473
573.14474
573.14475
573.14477
573.14478
573.14479
573.14480
573.14481
573.14482
573.14483
573.14484
573.14485
573.14486
573.14487
573.14488
573.14489
573.14490
573.14491
573.14492
573.14494
573.14495
573.14497
573.14498
573.14499
573.14500
573.14501
573.14503
573.14504
573.14505
573.14506
573.14507
573.14508
573.14509
573.14510
573.14511
573.14512
573.14513
573.14514
573.14515
573.14516
573.14517
573.14518
573.14519
573.14520
573.14521
573.14522
573.14523
573.14524
573.14525
573.14526
573.14527
573.14528
573.14529
573.14530
573.14531
573.14532
573.14533
573.14534
573.14535
573.14536
573.14537
573.14538
573.14539
573.14540
573.14541
573.14542
573.14543
573.14544
573.14545
573.14546
573.14547
573.14548
573.14549
573.14550
573.15042
573.15043
573.15044
573.15107
573.15108
573.15217
573.15329
573.15360
573.15361
573.15362
573.15364
573.15366
573.15367
573.15368
573.15369
573.15370
573.15371
573.15372
573.15373
573.15374
573.15375
573.15376
573.15377
573.15420
573.15432
573.15433
573.15434
573.15435
573.15436
573.15437
573.15438
573.15439
573.15440
573.15441
573.15442
573.15443
573.15444
573.15445
573.15446
573.15447
573.15448
573.15449
573.15450
573.15451
573.15452
573.15455
573.15456
573.15458
573.15459
573.15461
573.15462
573.15466
573.15467
573.15468
573.15469
573.15470
573.15471
573.15472
573.15473
573.15474
573.15476
573.15477
573.15478
573.15480
573.15482
573.15483
573.15484
573.15485
573.15486
573.15487
573.15488
573.15489
573.15490
573.15491
573.15492
573.15493
573.15495
573.15496
573.15497
573.15498
573.15499
573.15500
573.15501
573.15502
573.15503
573.15504
573.15505
573.15506
573.15507
573.15509
573.15510
573.15511
573.15513
573.15514
573.15515
573.15516
573.15517
573.15518
573.15519
573.15520
573.15521
573.15522
573.15523
573.15524
573.15525
573.15526
573.15527
573.15528
573.15529
573.15530
573.15531
573.15533
573.15534
573.15535
573.15536
573.15537
573.15538
573.15539
573.15540
573.15541
573.15542
573.15543
573.15544
573.15545
573.15546
573.15547
573.15548
573.15550
573.15551
573.15552
573.15553
573.15554
573.15555
573.15556
573.15557
573.15558
573.15559
573.15560
573.15561
573.15562
573.15563
573.15564
573.15565
573.15566
573.15567
573.15568
573.15569
573.15570
573.15571
573.15572
573.15573
573.15574
573.15575
573.15576
573.15577
573.15579
573.15580
573.15581
573.15582
573.15583
573.15584
573.15585
573.15586
573.15587
573.15588
573.15589
573.15590
573.15591
573.15592
573.15593
573.15594
573.15595
573.15596
573.15597
573.15598
573.15599
573.15600
573.15601
573.15602
573.15603
573.15605
573.15606
573.15607
573.15608
573.15609
573.15610
573.15611
573.15612
573.15613
573.15614
573.15615
573.15616
573.15617
573.15618
573.15619
573.15620
573.15621
573.15622
573.15623
573.15624
573.15626
573.15627
573.15628
573.15629
573.17908
573.17914
573.17915
573.17927
573.17943
573.18086
573.18087
573.18088
573.18090
573.18093
573.18472
573.18476
573.18477
573.18541
573.18542
573.18543
573.18680
573.19877
573.20059
573.20060
573.20062
573.20064
573.20065
573.23196
573.23198
573.23199
573.23200
573.23201
573.23202
573.23203
573.23204
573.23205
573.23206
573.23207
573.23208
573.23210
573.23211
573.23212
573.23213
573.23214
573.23215
573.23216
573.23217
573.23218
573.23219
573.23220
573.23221
573.23222
573.23223
573.23224
573.23225
573.23228
573.23229
573.23233
573.24243
573.24244
573.24245
573.24247
573.24248
573.24249
573.24250
573.24251
573.24252
573.24253
573.24254
573.24255
573.24256
573.24257
573.24258
573.24259
573.24260
573.24261
573.24262
573.24263
573.24264
573.24265
573.24266
573.24267
573.24268
573.24270
573.24271
573.24272
573.24273
573.24274
573.24275
573.24276
573.24277
573.24278
573.24279
573.24280
573.24281
573.24283
573.24284
573.24285
573.24286
573.24288
573.24289
573.24290
573.24291
573.24292
573.24293
573.24294
573.24295
573.24296
573.24297
573.24298
573.24299
573.24300
573.24301
573.24302
573.24303
573.24304
573.24305
573.24307
573.24308
573.24309
573.24310
573.24311
573.24312
573.24313
573.24314
573.24315
573.24316
573.24317
573.24318
573.24319
573.24320
573.24321
573.24322
573.24323
573.24324
573.24325
573.24326
573.24328
573.24329
573.24330
573.24331
573.24332
573.24333
573.24334
573.24335
573.24337
573.24338
573.24339
573.24340
573.24341
573.24343
573.24344
573.24345
573.24346
573.24348
573.24349
573.24350
573.24351
573.24352
573.24353
573.24354
573.24356
573.24357
573.24358
573.24359
573.24360
573.24361
573.24362
573.24363
573.24364
573.24365
573.24366
573.24367
573.24368
573.24369
573.24371
573.24372
573.24373
573.24374
573.24375
573.24376
573.24377
573.24378
573.24379
573.24380
573.24381
573.24382
573.24383
573.24384
573.24385
573.24386
573.24388
573.24389
573.24390
573.24391
573.24392
573.24393
573.24394
573.24395
573.24396
573.24397
573.24398
573.24399
573.24400
573.24401
573.24402
573.24403
573.24404
573.24405
573.24406
573.24407
573.24408
573.24409
573.24410
573.24411
573.24412
573.24413
573.24414
573.24415
573.24416
573.24417
573.24418
573.24419
573.24420
573.24421
573.24422
573.24423
573.24424
573.24425
573.24426
573.24427
573.24428
573.24429
573.24430
573.24431
573.24432
573.24434
573.24435
573.24436
573.24437
573.24438
573.24439
573.24440
573.24441
573.24442
573.24444
573.24445
573.24446
573.24448
573.24449
573.24450
573.24451
573.24452
573.24453
573.24454
573.24455
573.25927
573.26073
573.26074
573.26075
573.26076
573.26077
573.26078
573.26079
573.26080
573.26081
573.26082
573.26083
573.26084
573.26085
573.26086
573.26087
573.26088
573.26089
573.26090
573.26091
573.26092
573.26093
573.26094
573.26095
573.26096
573.26097
573.26098
573.26099
573.26100
573.26101
573.26102
573.26103
573.26104
573.26105
573.26106
573.26107
573.26108
573.26109
573.26110
573.26111
573.26112
573.26113
573.26114
573.26115
573.26116
573.26117
573.26118
573.26119
573.26120
573.26121
573.26122
573.26123
573.26124
573.26125
573.26126
573.26127
573.26128
573.26129
573.26130
573.26131
573.26132
573.26133
573.26134
573.26135
573.26136
573.26137
573.26138
573.26139
573.26140
573.26141
573.26142
573.26143
573.26144
573.26145
573.26146
573.26147
573.26148
573.26149
573.26150
573.26151
573.26152
573.26153
573.26154
573.26155
573.26156
573.26157
573.26158
573.26159
573.26160
573.26161
573.26162
573.26163
573.26164
573.26165
573.26166
573.26167
573.26168
573.26169
573.26170
573.26171
573.26172
573.26173
573.26174
573.26175
573.26176
573.26177
573.26178
573.26179
573.26181
573.26182
573.26183
573.26184
573.26185
573.26186
573.26187
573.26188
573.26189
573.26190
573.26191
573.26192
573.26193
573.26194
573.26195
573.26196
573.26197
573.26198
573.26199
573.26200
573.26201
573.26202
573.26203
573.26204
573.26205
573.26206
573.26207
573.26208
573.26209
573.26210
573.26211
573.26212
573.26213
573.26214
573.26215
573.26216
573.26217
573.26218
573.26219
573.26220
573.26221
573.26222
573.26223
573.26224
573.26225
573.26226
573.26227
573.26228
573.26229
573.26232
573.26233
573.26234
573.26235
573.26236
573.26237
573.26238
573.26239
573.26240
573.26241
573.26242
573.26243
573.26244
573.26245
573.26246
573.26247
573.26248
573.26249
573.26250
573.26251
573.26252
573.26253
573.26254
573.26255
573.26256
573.26257
573.26258
573.26259
573.26260
573.26261
573.26262
573.26263
573.26264
573.26265
573.26266
573.26267
573.26268
573.26269
573.26270
573.26271
573.26272
573.26273
573.26274
573.26275
573.26276
573.26277
573.26278
573.26279
573.26280
573.26281
573.26282
573.26283
573.26284
573.26285
573.26286
573.26287
573.26288
573.26289
573.26290
573.26291
573.26292
573.26293
573.26294
573.26295
573.26296
573.26297
573.26298
573.26299
573.26300
573.26301
573.26302
573.26303
573.26304
573.26305
573.26306
573.26307
573.26308
573.26309
573.26310
573.26311
573.26312
573.26313
573.26314
573.26315
573.26316
573.26318
573.26319
573.26320
573.26321
573.26322
573.26323
573.31059
573.31060
573.31061
573.31062
573.31063
573.31064
573.31065
573.31067
573.31068
573.31069
573.31070
573.31071
573.31072
573.31073
573.31074
573.31075
573.31076
573.31078
573.31079
573.31080
573.31081
573.31082
573.31083
573.31084
573.33391
573.33392
573.33393
573.33394
573.33395
573.33396
573.33397
573.33398
573.33399
573.33400
573.33401
573.33402
573.33403
573.33404
573.33405
573.33406
573.33407
573.33408
573.33409
573.33410
573.33411
573.33412
573.33413
573.33414
573.33415
573.33416
573.33417
573.33418
573.33419
573.33420
573.33421
573.33422
573.34234
573.34237
573.34239
573.34246
573.34248
573.34250
573.34252
573.34254
573.34255
573.34261
573.34262
573.34278
573.34283
573.34284
573.34294
573.34297
573.34302
573.35513
573.46064
573.46065
573.46066
573.46067
573.46068
573.46069
573.46070
573.46071
573.46072
573.46073
573.46074
573.46075
573.46076
573.46077
573.46078
573.46079
573.46080
573.46081
573.46082
573.46083
573.46084
573.46085
573.46086
573.46087
573.46088
573.46089
573.46090
573.46091
573.46092
573.46093
573.46094
573.46095
573.46096
573.46097
573.46098
573.46099
573.46100
573.46101
573.46102
573.46103
573.46104
573.46105
573.46106
573.46107
573.46108
573.46109
573.46110
573.46111
573.46112
573.46113
573.46114
573.46115
573.46116
573.46117
573.46118
573.46119
573.46120
573.46829
573.46831
573.46832
573.46833
573.46834
573.46835
573.46836
573.46837
573.46838
573.46839
573.46840
573.46841
573.46842
573.46843
573.46844
573.46845
573.46846
573.46847
573.46848
573.46849
573.46850
573.46851
573.46852
573.46853
573.46854
573.46855
573.46856
573.46857
573.46858
573.46859
573.46860
573.46861
573.46862
573.46863
573.46864
573.46865
573.46866
573.46867
573.46868
573.46869
573.46870
573.46871
573.46872
573.46873
573.46874
573.46875
573.46876
573.46877
573.65893
573.65896
573.7022
573.7023
573.7024
573.7025
573.7027
573.7028
573.7029
573.7030
573.7031
573.7032
573.7033
573.7362
573.9722
573.9724
574.20
574.26
574.27
72407.693
